22 9 1 2

2 0 0 50 800
2 1700 0 50 800
2 50 0 1650 50
2 50 750 1650 50
2 250 50 50 100
2 550 50 200 100
2 50 250 300 300
2 500 250 400 100
2 1000 250 50 50
2 1150 250 50 50
2 1300 250 50 50
2 450 350 50 50
2 500 350 950 100
2 1600 350 100 300
2 350 500 50 50
2 500 450 550 100
2 1200 450 50 150
2 1400 450 50 150
2 150 550 50 100
2 1100 550 50 100
2 1300 550 50 100
2 300 650 1400 100

4 260 200 20 50
5 1650 310 40 40
9 155 105 40 40
8 805 105 40 40
6 950 300 20 50
6 1100 300 20 50
6 1250 300 20 50
6 250 700 20 50
10 200 550 40 40

200 550 100 100 500 1

11 100 670
12 650 150