38 17 3 3

2 0 0 2050 50
2 0 1200 2050 50
2 0 50 50 1150
2 2000 50 50 1150
2 50 450 300 50
2 300 200 50 250
2 150 350 50 50
2 500 200 300 350
2 800 300 900 50
2 1300 200 400 100
2 900 200 100 100
2 1100 200 100 100
2 1800 50 200 150
2 1800 350 200 200
2 900 550 1100 50
2 900 600 50 50
2 500 650 450 50
2 250 700 350 50
2 250 600 100 100
2 50 750 50 50
2 150 900 50 50
2 50 1050 50 50
2 200 750 150 50
2 200 800 50 200
2 1250 800 550 50
2 1150 850 750 50
2 1050 900 850 50
2 1050 950 50 50
2 850 1000 250 50
2 650 1000 150 50
2 450 1000 150 50
2 500 950 50 50
2 700 950 50 50
2 900 950 50 50
2 400 1050 600 150
2 300 1150 100 50
2 350 1100 50 50
3 350 650 150 50

9 55 505 40 40
8 1350 100 40 40
6 230 400 20 50
6 100 400 20 50
6 850 350 20 50
6 950 500 20 50
6 1050 350 20 50
6 1150 500 20 50
6 1250 350 20 50
6 515 900 20 50
6 715 900 20 50
6 915 900 20 50
6 650 50 20 50
4 165 300 20 50
5 1900 260 40 40
10 155 255 40 40
10 1755 55 40 40

825 50 50 50 200 0
1025 50 50 50 200 0
1225 50 50 50 200 0

12 1150 1100
11 600 570
12 600 100